function [FDD,dFDD] = equationFDD(z0,r0,in3,in4)
%EQUATIONFDD
%    [FDD,DFDD] = EQUATIONFDD(Z0,R0,IN3,IN4)

%    This function was generated by the Symbolic Math Toolbox version 8.5.
%    27-Apr-2021 08:46:06

pa_23 = in4(23,:);
yfDv1d2 = in3(2,:);
yfDv1d3 = in3(3,:);
yfDv1d4 = in3(4,:);
yfDv1d5 = in3(5,:);
yfDv1d6 = in3(6,:);
yfDv2d2 = in3(9,:);
yfDv2d3 = in3(10,:);
yfDv2d4 = in3(11,:);
yfDv2d5 = in3(12,:);
yfDv2d6 = in3(13,:);
yfDv3d1 = in3(15,:);
yfDv3d2 = in3(16,:);
yfDv3d3 = in3(17,:);
yfDv3d4 = in3(18,:);
yfDv3d5 = in3(19,:);
yfDv3d6 = in3(20,:);
yfDv4d2 = in3(23,:);
yfDv4d3 = in3(24,:);
yfDv4d4 = in3(25,:);
yfDv4d5 = in3(26,:);
yfDv4d6 = in3(27,:);
yfDv5d1 = in3(29,:);
yfDv5d2 = in3(30,:);
yfDv5d3 = in3(31,:);
t2 = yfDv3d2.*yfDv4d3;
t3 = yfDv3d3.*yfDv4d2;
t4 = yfDv3d2.*yfDv4d5;
t5 = yfDv3d3.*yfDv4d4;
t6 = yfDv3d4.*yfDv4d3;
t7 = yfDv3d5.*yfDv4d2;
t8 = yfDv3d2.*yfDv4d6;
t9 = yfDv3d6.*yfDv4d2;
t10 = yfDv3d3.*yfDv4d6;
t11 = yfDv3d6.*yfDv4d3;
t12 = yfDv3d2.^2;
t13 = yfDv3d2.^3;
t14 = yfDv3d3.^2;
t15 = yfDv3d3.^3;
t16 = yfDv4d2.^2;
t17 = yfDv4d2.^3;
t18 = yfDv4d3.^2;
t19 = yfDv4d3.^3;
t20 = yfDv3d2.*yfDv3d3.*2.0;
t21 = yfDv4d2.*yfDv4d3.*2.0;
t22 = 1.0./yfDv3d1;
t23 = t22.^2;
t24 = t22.^3;
t25 = -t3;
t26 = -t6;
t27 = -t7;
t28 = -t8;
t29 = -t10;
t30 = t12+t16;
t31 = t14+t18;
t32 = t2+t25;
t96 = t5+t9+t26+t28;
t97 = t4+t11+t27+t29;
t33 = 1.0./t32;
t34 = t33.^2;
t35 = t33.^3;
t36 = t33.*yfDv1d2;
t37 = t33.*yfDv1d3;
t38 = t33.*yfDv3d4;
t39 = t33.*yfDv3d5;
t40 = t33.*yfDv3d6;
t41 = t33.*yfDv4d4;
t42 = t33.*yfDv4d5;
t43 = t33.*yfDv4d6;
t183 = t33.*yfDv2d2.*yfDv4d3.*1.256637061435917e-6;
t184 = t33.*yfDv2d3.*yfDv4d2.*1.256637061435917e-6;
t44 = t36.*yfDv3d3;
t45 = t37.*yfDv3d2;
t46 = t36.*yfDv4d3;
t47 = t37.*yfDv4d2;
t48 = t34.*yfDv3d2.*yfDv3d5;
t49 = t34.*yfDv3d3.*yfDv3d4;
t50 = t34.*yfDv3d2.*yfDv3d6;
t51 = t34.*yfDv3d3.*yfDv3d6;
t52 = t2.*t34;
t53 = t3.*t34;
t54 = t34.*yfDv3d2.*yfDv4d4;
t55 = t34.*yfDv3d4.*yfDv4d2;
t56 = t4.*t34;
t57 = t5.*t34;
t58 = t6.*t34;
t59 = t7.*t34;
t60 = t8.*t34;
t61 = t34.*yfDv3d3.*yfDv4d5;
t62 = t34.*yfDv3d5.*yfDv4d3;
t63 = t9.*t34;
t64 = t10.*t34;
t65 = t11.*t34;
t66 = t34.*yfDv4d2.*yfDv4d5;
t67 = t34.*yfDv4d3.*yfDv4d4;
t68 = t34.*yfDv4d2.*yfDv4d6;
t69 = t34.*yfDv4d3.*yfDv4d6;
t70 = t34.*yfDv1d2.*yfDv3d2.*yfDv3d3;
t71 = t34.*yfDv1d3.*yfDv3d2.*yfDv3d3;
t73 = t34.*yfDv1d3.*yfDv3d2.*yfDv4d2;
t74 = t34.*yfDv1d2.*yfDv3d3.*yfDv4d3;
t76 = t3.*t35.*yfDv3d2;
t77 = t2.*t35.*yfDv3d3;
t78 = t2.*t35.*yfDv4d2;
t79 = t3.*t35.*yfDv4d3;
t80 = t34.*yfDv3d2.*yfDv3d4.*2.0;
t82 = t34.*yfDv3d3.*yfDv3d5.*2.0;
t84 = t34.*yfDv4d2.*yfDv4d4.*2.0;
t86 = t34.*yfDv4d3.*yfDv4d5.*2.0;
t88 = t14.*t34.*yfDv1d2;
t89 = t12.*t34.*yfDv1d3;
t90 = t14.*t34.*yfDv1d4;
t91 = t12.*t34.*yfDv1d5;
t92 = t18.*t34.*yfDv1d4;
t93 = t16.*t34.*yfDv1d5;
t94 = t20.*t34.*yfDv1d6;
t95 = t21.*t34.*yfDv1d6;
t103 = t27.*t34;
t104 = t29.*t34;
t109 = t34.*yfDv1d6.*yfDv3d2.*yfDv3d3.*-2.0;
t112 = t34.*yfDv1d6.*yfDv4d2.*yfDv4d3.*-2.0;
t113 = t25.*t35.*yfDv3d2;
t114 = t25.*t35.*yfDv4d3;
t116 = t34.*t96;
t117 = t34.*t97;
t128 = t20.*t35.*t96;
t129 = t20.*t35.*t97;
t130 = t35.*t96.*yfDv3d2.*yfDv4d2.*2.0;
t131 = t2.*t35.*t96.*2.0;
t132 = t3.*t35.*t96.*2.0;
t133 = t35.*t97.*yfDv3d2.*yfDv4d2.*2.0;
t134 = t35.*t96.*yfDv3d3.*yfDv4d3.*2.0;
t135 = t2.*t35.*t97.*2.0;
t136 = t3.*t35.*t97.*2.0;
t137 = t35.*t97.*yfDv3d3.*yfDv4d3.*2.0;
t138 = t21.*t35.*t96;
t139 = t21.*t35.*t97;
t146 = t12.*t35.*t96.*2.0;
t147 = t14.*t35.*t96.*2.0;
t148 = t12.*t35.*t97.*2.0;
t149 = t14.*t35.*t97.*2.0;
t150 = t16.*t35.*t96.*2.0;
t151 = t18.*t35.*t96.*2.0;
t152 = t16.*t35.*t97.*2.0;
t153 = t18.*t35.*t97.*2.0;
t154 = t35.*t97.*yfDv3d2.*yfDv3d3.*-2.0;
t158 = t35.*t97.*yfDv4d2.*yfDv4d3.*-2.0;
t185 = -t183;
t72 = t53.*yfDv1d2;
t75 = t52.*yfDv1d3;
t81 = t50.*2.0;
t83 = t51.*2.0;
t85 = t68.*2.0;
t87 = t69.*2.0;
t98 = -t45;
t99 = -t47;
t101 = -t82;
t102 = -t52;
t106 = -t86;
t107 = -t70;
t108 = -t71;
t110 = -t73;
t115 = t33+t53;
t119 = t116.*yfDv3d2;
t120 = t116.*yfDv3d3;
t121 = t117.*yfDv3d2;
t122 = t117.*yfDv3d3;
t123 = t116.*yfDv4d2;
t124 = t116.*yfDv4d3;
t125 = t117.*yfDv4d2;
t126 = t117.*yfDv4d3;
t127 = -t116;
t155 = -t133;
t156 = -t135;
t157 = -t137;
t175 = t80+t146;
t177 = t84+t150;
t244 = t49+t50+t128;
t245 = t54+t55+t130;
t246 = t64+t65+t134;
t247 = t67+t68+t138;
t252 = t48+t51+t154;
t255 = t66+t69+t158;
t272 = -t33.*yfDv3d2.*(t82-t149);
t274 = -t33.*yfDv4d2.*(t86-t153);
t296 = t57+t63+t116+t132;
t299 = t103+t104+t117+t136;
t307 = -t33.*yfDv3d2.*(t59+t64-t117-t136);
t309 = -t33.*yfDv4d2.*(t59+t64-t117-t136);
t100 = -t81;
t105 = -t85;
t111 = -t75;
t118 = t33+t102;
t140 = t44+t98;
t141 = t46+t99;
t142 = -t121;
t143 = -t122;
t144 = -t125;
t145 = -t126;
t159 = t89+t107;
t160 = t88+t108;
t161 = t33.*t115.*yfDv3d3;
t162 = t33.*t115.*yfDv4d2;
t165 = t38+t119;
t166 = t40+t120;
t167 = t41+t123;
t168 = t43+t124;
t173 = t36+t72+t110;
t176 = t83+t147;
t178 = t87+t151;
t180 = t101+t149;
t182 = t106+t153;
t253 = t60+t63+t155;
t254 = t61+t62+t157;
t265 = t33.*t175.*yfDv3d3;
t267 = t33.*t177.*yfDv4d3;
t271 = -t33.*yfDv3d2.*(t81-t148);
t273 = -t33.*yfDv4d2.*(t85-t152);
t276 = t33.*t244.*yfDv3d3;
t277 = t33.*t245.*yfDv3d3;
t278 = t33.*t246.*yfDv3d3;
t279 = t33.*t245.*yfDv4d3;
t280 = t33.*t246.*yfDv4d3;
t281 = t33.*t247.*yfDv4d3;
t282 = t33.*t252.*yfDv3d2;
t287 = t33.*t255.*yfDv4d2;
t297 = t56+t65+t117+t156;
t298 = t58+t60+t127+t131;
t300 = t33.*t296.*yfDv3d3;
t301 = t33.*t296.*yfDv4d3;
t163 = t33.*t118.*yfDv3d2;
t164 = t33.*t118.*yfDv4d3;
t169 = t39+t143;
t170 = t40+t142;
t171 = t42+t145;
t172 = t43+t144;
t174 = t37+t74+t111;
t179 = t100+t148;
t181 = t105+t152;
t186 = t33.*t165;
t187 = t33.*t166;
t188 = t33.*t167;
t189 = t33.*t168;
t190 = t77+t161;
t191 = t78+t162;
t196 = t34.*t165.*yfDv3d2.*yfDv3d3;
t197 = t34.*t166.*yfDv3d2.*yfDv3d3;
t198 = t53.*t165;
t199 = t34.*t165.*yfDv3d3.*yfDv4d3;
t200 = t53.*t166;
t201 = t34.*t166.*yfDv3d3.*yfDv4d3;
t202 = t52.*t167;
t203 = t34.*t167.*yfDv3d3.*yfDv4d3;
t204 = t52.*t168;
t205 = t34.*t168.*yfDv3d3.*yfDv4d3;
t206 = t34.*t167.*yfDv4d2.*yfDv4d3;
t207 = t34.*t168.*yfDv4d2.*yfDv4d3;
t212 = t14.*t34.*t165;
t213 = t14.*t34.*t166;
t214 = t18.*t34.*t167;
t215 = t18.*t34.*t168;
t227 = t102.*t167;
t230 = t102.*t168;
t266 = t33.*t176.*yfDv3d3;
t268 = t33.*t178.*yfDv4d3;
t275 = t22.*t140.*1.256637061435917e-6;
t283 = t33.*t253.*yfDv3d2;
t284 = t33.*t254.*yfDv3d2;
t285 = t33.*t253.*yfDv4d2;
t286 = t33.*t254.*yfDv4d2;
t288 = -t276;
t289 = -t279;
t290 = -t280;
t291 = -t281;
t292 = -t282;
t295 = -t287;
t302 = t33.*t297.*yfDv3d2;
t303 = t33.*t297.*yfDv4d2;
t304 = t33.*t298.*yfDv3d3;
t305 = t33.*t298.*yfDv4d3;
t192 = t186.*yfDv3d3;
t193 = t187.*yfDv3d3;
t194 = t188.*yfDv4d3;
t195 = t189.*yfDv4d3;
t208 = t33.*t169;
t209 = t33.*t170;
t210 = t33.*t171;
t211 = t33.*t172;
t220 = -t197;
t221 = t34.*t169.*yfDv3d2.*yfDv3d3;
t222 = t34.*t170.*yfDv3d2.*yfDv3d3;
t223 = t34.*t169.*yfDv3d2.*yfDv4d2;
t224 = t34.*t170.*yfDv3d2.*yfDv4d2;
t225 = t52.*t169;
t226 = t52.*t170;
t228 = t34.*t171.*yfDv3d2.*yfDv4d2;
t229 = t34.*t172.*yfDv3d2.*yfDv4d2;
t231 = t53.*t171;
t232 = t53.*t172;
t233 = -t205;
t234 = -t207;
t235 = t34.*t171.*yfDv4d2.*yfDv4d3;
t236 = t34.*t172.*yfDv4d2.*yfDv4d3;
t238 = t113+t163;
t239 = t114+t164;
t240 = t12.*t34.*t169;
t241 = t12.*t34.*t170;
t242 = t16.*t34.*t171;
t243 = t16.*t34.*t172;
t260 = t102.*t169;
t261 = t102.*t170;
t262 = t25.*t34.*t172;
t293 = -t283;
t294 = -t284;
t306 = -t302;
t308 = -t305;
t320 = t184+t185+t275;
t216 = t208.*yfDv3d2;
t217 = t209.*yfDv3d2;
t218 = t210.*yfDv4d2;
t219 = t211.*yfDv4d2;
t237 = -t211;
t256 = -t221;
t257 = -t222;
t258 = -t223;
t259 = -t224;
t263 = -t235;
t264 = -t236;
t269 = -t241;
t270 = -t243;
t326 = t220+t240+t282+t288;
t328 = t234+t242+t287+t291;
t332 = t188+t227+t229+t285+t289;
t333 = t201+t208+t260+t278+t294;
t334 = t210+t231+t233+t286+t290;
t336 = t189+t228+t230+t303+t308;
t337 = t199+t209+t261+t304+t306;
t248 = -t216;
t249 = -t217;
t250 = -t218;
t251 = -t219;
t321 = t196+t265+t269+t271;
t322 = t213+t256+t266+t272;
t323 = t206+t267+t270+t273;
t324 = t215+t263+t268+t274;
