function [FDDRightCoil,dFDDRightCoil] = equationFDDRightCoil(z0,r0,in3,in4)
%EQUATIONFDDRIGHTCOIL
%    [FDDRIGHTCOIL,DFDDRIGHTCOIL] = EQUATIONFDDRIGHTCOIL(Z0,R0,IN3,IN4)

%    This function was generated by the Symbolic Math Toolbox version 8.5.
%    27-Apr-2021 08:58:29

pa_23 = in4(23,:);
pa_24 = in4(24,:);
yfDv1d2 = in3(2,:);
yfDv1d3 = in3(3,:);
yfDv1d4 = in3(4,:);
yfDv1d5 = in3(5,:);
yfDv1d6 = in3(6,:);
yfDv2d2 = in3(9,:);
yfDv2d3 = in3(10,:);
yfDv2d4 = in3(11,:);
yfDv2d5 = in3(12,:);
yfDv2d6 = in3(13,:);
yfDv3d1 = in3(15,:);
yfDv3d2 = in3(16,:);
yfDv3d3 = in3(17,:);
yfDv3d4 = in3(18,:);
yfDv3d5 = in3(19,:);
yfDv3d6 = in3(20,:);
yfDv4d1 = in3(22,:);
yfDv4d2 = in3(23,:);
yfDv4d3 = in3(24,:);
yfDv4d4 = in3(25,:);
yfDv4d5 = in3(26,:);
yfDv4d6 = in3(27,:);
yfDv5d1 = in3(29,:);
yfDv5d2 = in3(30,:);
yfDv5d3 = in3(31,:);
t2 = yfDv3d2.*yfDv4d3;
t3 = yfDv3d3.*yfDv4d2;
t4 = yfDv3d2.*yfDv4d5;
t5 = yfDv3d3.*yfDv4d4;
t6 = yfDv3d4.*yfDv4d3;
t7 = yfDv3d5.*yfDv4d2;
t8 = yfDv3d2.*yfDv4d6;
t9 = yfDv3d6.*yfDv4d2;
t10 = yfDv3d3.*yfDv4d6;
t11 = yfDv3d6.*yfDv4d3;
t12 = yfDv3d2.^2;
t13 = yfDv3d2.^3;
t14 = yfDv3d3.^2;
t15 = yfDv3d3.^3;
t16 = yfDv4d2.^2;
t17 = yfDv4d2.^3;
t18 = yfDv4d3.^2;
t19 = yfDv4d3.^3;
t20 = 1.0./yfDv3d1;
t21 = t20.^2;
t22 = t20.^3;
t23 = -t3;
t24 = -t6;
t25 = -t7;
t26 = -t8;
t27 = -t10;
t28 = t2+t23;
t92 = t5+t9+t24+t26;
t93 = t4+t11+t25+t27;
t29 = 1.0./t28;
t30 = t29.^2;
t31 = t29.^3;
t32 = t29.*yfDv1d2;
t33 = t29.*yfDv1d3;
t34 = t29.*yfDv3d4;
t35 = t29.*yfDv3d5;
t36 = t29.*yfDv3d6;
t37 = t29.*yfDv4d4;
t38 = t29.*yfDv4d5;
t39 = t29.*yfDv4d6;
t179 = t29.*yfDv2d2.*yfDv4d3.*1.256637061435917e-6;
t180 = t29.*yfDv2d3.*yfDv4d2.*1.256637061435917e-6;
t40 = t32.*yfDv3d3;
t41 = t33.*yfDv3d2;
t42 = t32.*yfDv4d3;
t43 = t33.*yfDv4d2;
t44 = t30.*yfDv3d2.*yfDv3d5;
t45 = t30.*yfDv3d3.*yfDv3d4;
t46 = t30.*yfDv3d2.*yfDv3d6;
t47 = t30.*yfDv3d3.*yfDv3d6;
t48 = t2.*t30;
t49 = t3.*t30;
t50 = t30.*yfDv3d2.*yfDv4d4;
t51 = t30.*yfDv3d4.*yfDv4d2;
t52 = t4.*t30;
t53 = t5.*t30;
t54 = t6.*t30;
t55 = t7.*t30;
t56 = t8.*t30;
t57 = t30.*yfDv3d3.*yfDv4d5;
t58 = t30.*yfDv3d5.*yfDv4d3;
t59 = t9.*t30;
t60 = t10.*t30;
t61 = t11.*t30;
t62 = t30.*yfDv4d2.*yfDv4d5;
t63 = t30.*yfDv4d3.*yfDv4d4;
t64 = t30.*yfDv4d2.*yfDv4d6;
t65 = t30.*yfDv4d3.*yfDv4d6;
t66 = t30.*yfDv1d2.*yfDv3d2.*yfDv3d3;
t67 = t30.*yfDv1d3.*yfDv3d2.*yfDv3d3;
t69 = t30.*yfDv1d3.*yfDv3d2.*yfDv4d2;
t70 = t30.*yfDv1d2.*yfDv3d3.*yfDv4d3;
t72 = t3.*t31.*yfDv3d2;
t73 = t2.*t31.*yfDv3d3;
t74 = t2.*t31.*yfDv4d2;
t75 = t3.*t31.*yfDv4d3;
t76 = t30.*yfDv3d2.*yfDv3d4.*2.0;
t78 = t30.*yfDv3d3.*yfDv3d5.*2.0;
t80 = t30.*yfDv4d2.*yfDv4d4.*2.0;
t82 = t30.*yfDv4d3.*yfDv4d5.*2.0;
t84 = t14.*t30.*yfDv1d2;
t85 = t12.*t30.*yfDv1d3;
t86 = t14.*t30.*yfDv1d4;
t87 = t12.*t30.*yfDv1d5;
t88 = t18.*t30.*yfDv1d4;
t89 = t16.*t30.*yfDv1d5;
t90 = t30.*yfDv1d6.*yfDv3d2.*yfDv3d3.*2.0;
t91 = t30.*yfDv1d6.*yfDv4d2.*yfDv4d3.*2.0;
t99 = t25.*t30;
t100 = t27.*t30;
t109 = t23.*t31.*yfDv3d2;
t110 = t23.*t31.*yfDv4d3;
t112 = t30.*t92;
t113 = t30.*t93;
t124 = t31.*t92.*yfDv3d2.*yfDv3d3.*2.0;
t125 = t31.*t93.*yfDv3d2.*yfDv3d3.*2.0;
t126 = t31.*t92.*yfDv3d2.*yfDv4d2.*2.0;
t127 = t2.*t31.*t92.*2.0;
t128 = t3.*t31.*t92.*2.0;
t129 = t31.*t93.*yfDv3d2.*yfDv4d2.*2.0;
t130 = t31.*t92.*yfDv3d3.*yfDv4d3.*2.0;
t131 = t2.*t31.*t93.*2.0;
t132 = t3.*t31.*t93.*2.0;
t133 = t31.*t93.*yfDv3d3.*yfDv4d3.*2.0;
t134 = t31.*t92.*yfDv4d2.*yfDv4d3.*2.0;
t135 = t31.*t93.*yfDv4d2.*yfDv4d3.*2.0;
t142 = t12.*t31.*t92.*2.0;
t143 = t14.*t31.*t92.*2.0;
t144 = t12.*t31.*t93.*2.0;
t145 = t14.*t31.*t93.*2.0;
t146 = t16.*t31.*t92.*2.0;
t147 = t18.*t31.*t92.*2.0;
t148 = t16.*t31.*t93.*2.0;
t149 = t18.*t31.*t93.*2.0;
t181 = -t179;
t68 = t49.*yfDv1d2;
t71 = t48.*yfDv1d3;
t77 = t46.*2.0;
t79 = t47.*2.0;
t81 = t64.*2.0;
t83 = t65.*2.0;
t94 = -t41;
t95 = -t43;
t97 = -t78;
t98 = -t48;
t102 = -t82;
t103 = -t66;
t104 = -t67;
t105 = -t90;
t106 = -t69;
t108 = -t91;
t111 = t29+t49;
t115 = t112.*yfDv3d2;
t116 = t112.*yfDv3d3;
t117 = t113.*yfDv3d2;
t118 = t113.*yfDv3d3;
t119 = t112.*yfDv4d2;
t120 = t112.*yfDv4d3;
t121 = t113.*yfDv4d2;
t122 = t113.*yfDv4d3;
t123 = -t112;
t150 = -t125;
t151 = -t129;
t152 = -t131;
t153 = -t133;
t154 = -t135;
t171 = t76+t142;
t173 = t80+t146;
t240 = t45+t46+t124;
t241 = t50+t51+t126;
t242 = t60+t61+t130;
t243 = t63+t64+t134;
t268 = -t29.*yfDv3d2.*(t78-t145);
t270 = -t29.*yfDv4d2.*(t82-t149);
t292 = t53+t59+t112+t128;
t295 = t99+t100+t113+t132;
t303 = -t29.*yfDv3d2.*(t55+t60-t113-t132);
t305 = -t29.*yfDv4d2.*(t55+t60-t113-t132);
t96 = -t77;
t101 = -t81;
t107 = -t71;
t114 = t29+t98;
t136 = t40+t94;
t137 = t42+t95;
t138 = -t117;
t139 = -t118;
t140 = -t121;
t141 = -t122;
t155 = t85+t103;
t156 = t84+t104;
t157 = t29.*t111.*yfDv3d3;
t158 = t29.*t111.*yfDv4d2;
t161 = t34+t115;
t162 = t36+t116;
t163 = t37+t119;
t164 = t39+t120;
t169 = t32+t68+t106;
t172 = t79+t143;
t174 = t83+t147;
t176 = t97+t145;
t178 = t102+t149;
t248 = t44+t47+t150;
t249 = t56+t59+t151;
t250 = t57+t58+t153;
t251 = t62+t65+t154;
t261 = t29.*t171.*yfDv3d3;
t263 = t29.*t173.*yfDv4d3;
t267 = -t29.*yfDv3d2.*(t77-t144);
t269 = -t29.*yfDv4d2.*(t81-t148);
t272 = t29.*t240.*yfDv3d3;
t273 = t29.*t241.*yfDv3d3;
t274 = t29.*t242.*yfDv3d3;
t275 = t29.*t241.*yfDv4d3;
t276 = t29.*t242.*yfDv4d3;
t277 = t29.*t243.*yfDv4d3;
t293 = t52+t61+t113+t152;
t294 = t54+t56+t123+t127;
t296 = t29.*t292.*yfDv3d3;
t297 = t29.*t292.*yfDv4d3;
t159 = t29.*t114.*yfDv3d2;
t160 = t29.*t114.*yfDv4d3;
t165 = t35+t139;
t166 = t36+t138;
t167 = t38+t141;
t168 = t39+t140;
t170 = t33+t70+t107;
t175 = t96+t144;
t177 = t101+t148;
t182 = t29.*t161;
t183 = t29.*t162;
t184 = t29.*t163;
t185 = t29.*t164;
t186 = t73+t157;
t187 = t74+t158;
t192 = t30.*t161.*yfDv3d2.*yfDv3d3;
t193 = t30.*t162.*yfDv3d2.*yfDv3d3;
t194 = t49.*t161;
t195 = t30.*t161.*yfDv3d3.*yfDv4d3;
t196 = t49.*t162;
t197 = t30.*t162.*yfDv3d3.*yfDv4d3;
t198 = t48.*t163;
t199 = t30.*t163.*yfDv3d3.*yfDv4d3;
t200 = t48.*t164;
t201 = t30.*t164.*yfDv3d3.*yfDv4d3;
t202 = t30.*t163.*yfDv4d2.*yfDv4d3;
t203 = t30.*t164.*yfDv4d2.*yfDv4d3;
t208 = t14.*t30.*t161;
t209 = t14.*t30.*t162;
t210 = t18.*t30.*t163;
t211 = t18.*t30.*t164;
t223 = t98.*t163;
t226 = t98.*t164;
t262 = t29.*t172.*yfDv3d3;
t264 = t29.*t174.*yfDv4d3;
t271 = t20.*t136.*1.256637061435917e-6;
t278 = t29.*t248.*yfDv3d2;
t279 = t29.*t249.*yfDv3d2;
t280 = t29.*t250.*yfDv3d2;
t281 = t29.*t249.*yfDv4d2;
t282 = t29.*t250.*yfDv4d2;
t283 = t29.*t251.*yfDv4d2;
t284 = -t272;
t285 = -t275;
t286 = -t276;
t287 = -t277;
t298 = t29.*t293.*yfDv3d2;
t299 = t29.*t293.*yfDv4d2;
t300 = t29.*t294.*yfDv3d3;
t301 = t29.*t294.*yfDv4d3;
t188 = t182.*yfDv3d3;
t189 = t183.*yfDv3d3;
t190 = t184.*yfDv4d3;
t191 = t185.*yfDv4d3;
t204 = t29.*t165;
t205 = t29.*t166;
t206 = t29.*t167;
t207 = t29.*t168;
t216 = -t193;
t217 = t30.*t165.*yfDv3d2.*yfDv3d3;
t218 = t30.*t166.*yfDv3d2.*yfDv3d3;
t219 = t30.*t165.*yfDv3d2.*yfDv4d2;
t220 = t30.*t166.*yfDv3d2.*yfDv4d2;
t221 = t48.*t165;
t222 = t48.*t166;
t224 = t30.*t167.*yfDv3d2.*yfDv4d2;
t225 = t30.*t168.*yfDv3d2.*yfDv4d2;
t227 = t49.*t167;
t228 = t49.*t168;
t229 = -t201;
t230 = -t203;
t231 = t30.*t167.*yfDv4d2.*yfDv4d3;
t232 = t30.*t168.*yfDv4d2.*yfDv4d3;
t234 = t109+t159;
t235 = t110+t160;
t236 = t12.*t30.*t165;
t237 = t12.*t30.*t166;
t238 = t16.*t30.*t167;
t239 = t16.*t30.*t168;
t256 = t98.*t165;
t257 = t98.*t166;
t258 = t23.*t30.*t168;
t288 = -t278;
t289 = -t279;
t290 = -t280;
t291 = -t283;
t302 = -t298;
t304 = -t301;
t316 = t180+t181+t271;
t212 = t204.*yfDv3d2;
t213 = t205.*yfDv3d2;
t214 = t206.*yfDv4d2;
t215 = t207.*yfDv4d2;
t233 = -t207;
t252 = -t217;
t253 = -t218;
t254 = -t219;
t255 = -t220;
t259 = -t231;
t260 = -t232;
t265 = -t237;
t266 = -t239;
t322 = t216+t236+t278+t284;
t324 = t230+t238+t283+t287;
t328 = t184+t223+t225+t281+t285;
t329 = t197+t204+t256+t274+t290;
t330 = t206+t227+t229+t282+t286;
t332 = t185+t224+t226+t299+t304;
t333 = t195+t205+t257+t300+t302;
t244 = -t212;
t245 = -t213;
t246 = -t214;
t247 = -t215;
t317 = t192+t261+t265+t267;
t318 = t209+t252+t262+t268;
t319 = t202+t263+t266+t269;
t320 = t211+t259+t264+t270;
